                                                                 
                  0  00000000000000000000000  0                  
                                                                 
                0  00                       00  0                
                                                                 
              000 000                       000 000              
                                                                 
                00 00                       00  0                
                                                                 
                  0  00000000000000000000000  0                  
                             0000000                             
